755902660050432000
804860782114721793
2256108290
277073411
3320073732
743633043114450944
766140437514027009
802191639456468993
209198474
2789356171
333556365
3045383253
330476431
2539642001
19405859
187315988
127967449
2182438333
273589659
797612449264377857
14970250
3092751519
728240824488763393
2814682943
804141377030328320
714162297346924545
216782758
767045042762645504
2820149037
797375080892350464
546158128
292956104
35821009
4724409203
600975029
3328455094
186025913
312981051
1152288188
792420871205822465
1154760254
726134395128676352
3564878176
801778230881644546
2203543050
965444166
4774708168
20748873
3066080074
108698830
66387853
704363019552190464
19109841
2941533395
1219702357
66892324
27875662
808877841693732864
772031081382027265
4850977247
747941812321452032
43570256
538399586
341934180
90136852
2213753425
1004799338
288841963
18578029
41044925
3765278543
435989233
56281203
2472003572
2305378238
788071902178926592
360110564
861749396
349576314
298581371
963274730
2384132862
804448890657406976
