822215679726100480
824460281300541440
732971228181504002
788856062950645764
793312659424804864
813942793202647041
725131039379742722
352053266
817343526111506432
10203162
565759664
794046608975466496
728204550256132097
14764077
16228398
24168497
164724793
1128343615
121346115
466276427
606412878
261343245
24673
341934180
2706749544
397161508
809869625429282816
2281044080
56281203
37599351
398682233
895615100
2162697578
800907592440549376
2583025004
4438718608
861749396
1483446433
16912546
3293278372
372475592
357630135
17230018
326912209
2435033124
189235422
15460048
13334762
288841963
74594552
84094835
3423043840
812484210195832832
4883312903
18559246
29095981
90136852
444940567
714162297346924545
804448890657406976
1356437816
20291907
118872392
27875662
2472145231
3147088210
136892758
58368350
3564878176
494051685
723263858
4889289107
270440825
704217037774532608
235188617
3291672970
735918539736027138
58560915
222486934
13298072
250026736
21588386
14888961
1881307561
814344626
815438847764877312
3328455094
54938044
726134395128676352
595671115
2292382151
483162569
186827210
373717410
74580436
152891862
20793816
339564964
789405623729266689
2834674724
43570256
360110564
113130918
155359721
278673907
817831722800873472
15485441
19540483
21577728
7211532
4518013467
66892324
44196397
735308425345781760
48626235
104651332
20748873
3197518417
3428756051
2984501844
2355358298
47350364
91478624
202230373
790817208360312832
15944300
18578029
814063336790904832
779013129325965312
73130615
4150861247
313219708
197962366
1425295999
779828209051324416
45823084
2789356171
16689804
333556365
2464047764
1036266138
802191639456468993
823642431304376320
462574248
1835694768
326525617
792420871205822465
803630693699813376
236497615
159982297
2746940134
35821009
422943471
2869103344
435989233
595636982
297059066
797612449264377857
2384132862
154866432
2256108290
743633043114450944
14297863
983800585
826241599063654400
2820149037
88838945
760070224188170241
3312143142
794793193099460608
8315692
2821309229
816150599519510528
2678457146
4850977247
772031081382027265
22940219
3066080074
4427938637
14945113
704749072683560960
20536157
850107536
538399586
50393960
3015204327
106863475
2814682943
728240824488763393
704363019552190464
15840142
330476431
594054036
818460580944244737
41044925
2729296830
801778230881644546
731940913988014080
4774708168
88203084
16225240
354847710
762460
6091752
2823218686
75654135
767045042762645504
277073411
407290914
19405859
815844907684364289
29658153
750905972877656064
2361707564
580017197
29856819
1855138872
3091338299
704691260
15567938
2942667844
25195591
1547756624
61299795
3045383253
818876014390603776
2840912987
23194723
258071652
567360618
465951852
52005997
132021364
2878264439
349576314
288404607
112735360
2755755140
748376654112788480
4358642832
2539642001
2516153496
3092751519
336465057
927851688
99280041
755902660050432000
3075185841
4724409203
825171923718004736
126862524
108698830
2941533395
3340704988
28161251
768151880321163264
463273210
85234945
803928407482343424
808384495451705345
799361775502295040
1080588505
798593655212675072
804704023777378304
15537451
588533058
747941812321452032
4048352608
576253499
120186213
1004799338
23553388
1493298541
4924349807
131794289
1214219635
115555706
298581371
16739710
2249121151
36728196
790576974007676928
209198474
29851021
273589659
240725406
75025829
897691046
85370295
70266297
1694397883
1152288188
2182438333
39275966
426841535
812991909257850882
67034564
4548953541
119068103
17272273
66229714
58525147
1010810106
4771247582
799596958558126080
4924491232
2213753425
2918868457
2825582058
2807737843
716822860040306689
1323490807
1703921150
1219702357
478285314
16520707
3320073732
2203543050
816653
2286487057
2166150674
435002900
94299676
1022326304
2189251164
153966123
546158128
831546632
1093090866
452703795
766140437514027009
312981051
1154760254
255792707
1439301
7315022
213687893
195878492
473118309
58498675
127967449
15103611
788071902178926592
1263681170
279637651
2814334612
240254617
1452897955
15830701
34991792
600975029
19842742
3111868104
2564597449
1532421835
4198323920
804141377030328320
8161232
25265895
1256204010
16455405
820124143400185856
555503352
16862971
2178012925
187315988
41834268
492064542
363923240
1922861
816794078658445312
40587059
321554239
729923589978251266
742811462
2997491528
263833420
3765278543
67321699
334225253
28221296
14843763
811183968230010880
768806408024449024
808877841693732864
411907977
66387853
19910547
2339397540
2778675109
216782758
819599504819322880
797375080892350464
1723662264
186025913
2305378238
737038705517551616
292956104
30871500
460679117
3824240592
19109841
2677974996
743924890688884736
17919972
259403751
963274730
19455982
374335471
